{
 "cells": [
  {
   "cell_type": "code",
   "execution_count": 7,
   "id": "d590a7f5",
   "metadata": {},
   "outputs": [
    {
     "name": "stdout",
     "output_type": "stream",
     "text": [
      "\u001b[38;5;2m✔ Download and installation successful\u001b[0m\n",
      "You can now load the package via spacy.load('en_core_web_md')\n",
      "\u001b[38;5;3m⚠ Restart to reload dependencies\u001b[0m\n",
      "If you are in a Jupyter or Colab notebook, you may need to restart Python in\n",
      "order to load all the package's dependencies. You can do this by selecting the\n",
      "'Restart kernel' or 'Restart runtime' option.\n"
     ]
    }
   ],
   "source": [
    "import spacy\n",
    "spacy.cli.download(\"en_core_web_md\")\n"
   ]
  },
  {
   "cell_type": "code",
   "execution_count": 9,
   "id": "be4476f7",
   "metadata": {},
   "outputs": [],
   "source": [
    "import spacy\n",
    "nlp = spacy.load(\"en_core_web_md\")"
   ]
  },
  {
   "cell_type": "code",
   "execution_count": 10,
   "id": "40f7b4bd",
   "metadata": {},
   "outputs": [
    {
     "name": "stdout",
     "output_type": "stream",
     "text": [
      "[  1.2746     0.46242   -1.1829    -5.2661    -2.7128     1.8521\n",
      "  -0.94273    2.1865     6.503      0.6704     1.5361     2.5992\n",
      "  -0.36233    4.3965    -6.5644     1.6141    -1.2897     2.1184\n",
      "  -0.63654   -3.4572    -4.3771     4.2074    -3.6411    -0.97214\n",
      "   1.3253    -2.3125    -3.6531    -2.8398     2.7913    -1.53\n",
      "  -2.9984    -2.6357     0.50615   -2.6925     4.3401    -5.6017\n",
      "   0.045691   4.3832    -0.19535   -1.0751     0.32172    2.4395\n",
      "   4.6638     3.4471    -3.3847    -1.8238     0.70212    0.58557\n",
      "   5.0032    -3.1072     1.2364     7.4595     0.057368   1.0111\n",
      "  -1.0827     0.69113    2.8009    -3.4383    -1.0599    -2.2627\n",
      "  -5.149     -5.0636     3.1405     1.0793    -0.72892   -3.9939\n",
      "  -0.69551   -0.55767    3.2555    -2.9449     4.7114     1.6388\n",
      "   1.3828     1.4255    -3.2334    -2.274     -1.8136     2.2966\n",
      "   2.5462     1.0722    -0.73447    1.2148    -0.9196    -0.065012\n",
      "   2.088      0.57002    3.5746     1.7192    -8.335      0.71079\n",
      "   0.91314   -5.0107     1.899     -4.4658     4.7993    -0.39899\n",
      "  -2.673     -2.9354     4.304      1.4336     3.7121     0.34882\n",
      "   4.6512    -4.5731    -4.5665     1.5988    -0.50383    0.95857\n",
      "   0.68728   -0.39976   -3.1922     4.4363    -0.69479   -1.9528\n",
      "   4.9376     2.7259     2.2485     5.5734     2.5842     4.7836\n",
      "  -1.0274     2.2703    -2.0696    -1.0642    -4.932     -2.274\n",
      "   4.1409     0.73313    2.1889    -0.098888   1.6472    -2.3985\n",
      "   2.5911     3.6026     1.885      5.7822    -1.4481     1.8914\n",
      " -10.044     -5.7452    -4.3224    -3.854      2.3084    -0.84018\n",
      "  -0.40526    4.7741    -2.3271     7.064      0.95753   -2.356\n",
      "   0.83953    0.40004    0.33743    0.8376     3.9285     0.05955\n",
      "   2.4422     4.3492     3.9861     2.1043    -1.0197    -0.61752\n",
      "  -0.42999   -0.1014    -5.9571    -0.53818   -1.7797     1.7446\n",
      "   2.3934    -0.50263   -1.6222    -0.37372   -6.8938     0.55018\n",
      "  -2.267      0.64912    3.1525    -2.2541    -4.0384     3.206\n",
      "   0.14962   -2.6662     0.18167    5.0028     2.1521     0.92419\n",
      "   5.4163    -2.2408     1.6585    -5.1625     5.029      0.1026\n",
      "  -0.44542    2.0557     3.7778     3.8679    -2.7135     5.3242\n",
      "  -3.2916     5.6421     5.0466     1.6072    -1.3206     4.2044\n",
      "  -0.33793   -3.1139     2.8841    -3.1565    -2.9832    -0.23235\n",
      "   2.3259     3.5477    -2.1299    -1.8344     2.7271     1.5568\n",
      "   5.6865     0.9412    -2.6412    -5.3254     1.3494    -0.47159\n",
      "   2.4979    -1.5568    -1.6911    -2.1842     6.0319     0.022573\n",
      "   2.3824    -1.1002     0.90216   -1.9113     1.5527     5.7413\n",
      "  -3.1956     0.68655   -1.6068     1.7404    -3.2142     6.4783\n",
      "   1.7548    -2.9795     0.97631   -0.018354  -0.6379     0.80559\n",
      "   3.1923     3.3335     4.3068    -1.0819    -1.3839    -4.7626\n",
      "  -4.6637    -1.2201    -3.2741     1.5204     0.78119    8.7339\n",
      "   1.6009    -0.79332    5.8416    -1.485      1.5978     2.9746\n",
      "  -0.30759   -1.8023    -4.8344     1.2817    -2.5469     2.6517\n",
      "   1.4881     2.1952    -0.12652    1.2223     0.44763   -3.1445\n",
      "  -2.2051    -4.1785    -3.6539     5.1929     0.78457   -1.2312\n",
      "   5.5624    -1.8462     6.1262    -1.6653    -2.7557    -0.066465\n",
      "  -3.6362     5.2005    -1.2865     2.8855     6.1219     1.7824\n",
      "   1.4264    10.628     -0.36028    1.9268    -7.835      0.57865 ]\n"
     ]
    }
   ],
   "source": [
    "print(nlp(u\"lion\").vector)"
   ]
  },
  {
   "cell_type": "code",
   "execution_count": 11,
   "id": "cecd83f8",
   "metadata": {},
   "outputs": [
    {
     "data": {
      "text/plain": [
       "array([-1.9659113 ,  0.96233886, -1.4342344 ,  0.26041567,  2.9841044 ,\n",
       "       -0.5332256 ,  0.07848004,  3.2358823 ,  1.1579629 , -0.01922075,\n",
       "        3.754411  ,  1.4630388 , -2.8739686 ,  0.08733001,  2.0385268 ,\n",
       "       -0.03317663,  1.357418  ,  0.03931443,  1.25253   , -2.1159112 ,\n",
       "       -0.82812196, -0.31235778,  0.26689222, -2.109189  ,  1.5634127 ,\n",
       "        0.22970888, -3.9807243 , -1.8671966 ,  1.2512455 ,  1.8265989 ,\n",
       "       -0.8454326 ,  0.19333333, -0.62723666, -1.9633108 , -2.5883157 ,\n",
       "       -3.3386424 , -0.27176553,  1.6118367 ,  3.1555448 , -1.2277757 ,\n",
       "        1.03462   ,  0.17888843,  1.3968122 ,  0.29461554, -1.0632278 ,\n",
       "       -0.2947751 ,  0.63601565, -1.6998812 , -2.1531668 ,  0.36243337,\n",
       "        0.98881555,  4.03817   , -0.35965005, -1.5341856 , -0.6508433 ,\n",
       "        0.4842666 , -0.25645334,  1.9278278 ,  1.8180563 ,  0.39575914,\n",
       "        0.33195335, -1.8876667 ,  1.0390911 ,  0.8210595 , -0.55209565,\n",
       "       -1.0857999 , -3.321421  , -1.2018734 ,  1.7804824 ,  0.2901855 ,\n",
       "        0.90911335, -0.13524778, -0.10616658,  0.05434337,  0.35458332,\n",
       "       -0.5739677 , -1.4953518 ,  1.02193   , -1.1192523 , -0.6582458 ,\n",
       "       -3.2390187 , -0.74537224, -0.23732683,  0.7286078 ,  2.1658335 ,\n",
       "       -1.0381156 ,  0.67924005, -0.24161445, -1.5751001 ,  0.09241456,\n",
       "       -0.7649532 , -0.43345785,  1.8760223 , -1.2908325 ,  0.3895628 ,\n",
       "       -0.60467786,  1.8595543 ,  0.34078667,  1.55547   ,  0.3990988 ,\n",
       "        0.8870555 , -0.84184575,  2.9381545 ,  1.4270246 ,  0.36373767,\n",
       "        1.7788132 , -1.9901466 ,  1.1805232 , -1.1105711 , -0.68043226,\n",
       "        0.1395519 ,  0.06721878, -1.1092459 ,  1.0826511 ,  1.8026466 ,\n",
       "       -0.76688004,  0.35497108, -0.6425597 ,  1.6148622 ,  0.5051422 ,\n",
       "       -0.27456668, -0.4336411 , -1.8230888 ,  1.446971  , -2.03177   ,\n",
       "       -1.3893288 ,  1.0922191 , -0.7892289 ,  3.724114  , -0.27158445,\n",
       "       -3.203164  , -2.0621245 ,  2.8254044 ,  0.13499111,  0.4838511 ,\n",
       "        1.8201432 , -1.1131011 , -2.4333665 ,  1.15218   , -0.5454111 ,\n",
       "       -3.3035421 , -1.3578622 , -1.2673544 , -0.3495655 , -0.03525779,\n",
       "        1.0031123 , -0.8540222 ,  0.8169577 ,  1.376189  ,  0.5067767 ,\n",
       "        0.38004887,  3.0027354 ,  0.19589846, -0.8643577 , -0.5565938 ,\n",
       "       -0.0161578 ,  1.9998744 , -1.3947022 ,  0.21473034,  0.28044054,\n",
       "        0.35270333, -2.5945432 ,  0.6433066 , -0.5356211 , -2.3458354 ,\n",
       "       -0.8018222 , -1.8214433 ,  0.59760004,  0.5049511 ,  1.4950689 ,\n",
       "        0.33857444,  1.5734233 ,  1.4366033 ,  0.6266567 , -1.1269855 ,\n",
       "       -0.30545   , -0.09933785, -1.0945699 , -1.4846894 , -0.5738062 ,\n",
       "       -1.5733123 , -0.21778992, -0.12567921,  0.8840659 , -0.42172337,\n",
       "        0.0401845 , -2.1306732 , -1.8272618 ,  0.24187776, -1.5404167 ,\n",
       "        0.5303322 ,  1.6325722 , -0.68828225, -1.8559155 ,  0.9652856 ,\n",
       "       -0.46069443, -2.8658779 , -0.34170005, -1.3566433 ,  0.66272   ,\n",
       "       -0.74978   , -1.2133478 , -0.6449698 , -1.2740167 ,  2.079678  ,\n",
       "        1.2311791 , -3.194462  , -0.23443882,  0.56056446,  1.0636871 ,\n",
       "        0.52933335,  1.6323898 , -1.7586523 , -0.4677049 ,  0.28220114,\n",
       "        0.9139332 ,  0.8627522 , -1.1125367 , -1.9524511 , -0.6126235 ,\n",
       "       -1.4416524 ,  1.1047331 , -1.2389866 ,  1.3742    , -1.9906287 ,\n",
       "       -0.44902167,  0.5815939 ,  1.9744233 ,  3.4471824 ,  0.4528177 ,\n",
       "        0.7018717 , -2.9493947 ,  0.39489782,  1.0382088 , -0.21291122,\n",
       "        1.6651026 , -0.6916466 ,  1.3643867 , -0.03251043,  1.931188  ,\n",
       "        1.2297866 , -1.6867013 ,  2.110042  , -0.49092287, -0.5820044 ,\n",
       "        1.8156444 , -1.1557591 , -0.29491222, -1.329371  ,  0.5543488 ,\n",
       "       -0.48349994, -2.3086576 , -4.490135  , -0.60113955, -1.0821532 ,\n",
       "       -2.2937162 ,  1.0686523 ,  3.9394307 , -0.67265445, -0.9998744 ,\n",
       "        2.4551456 ,  1.2984356 ,  2.4400303 ,  0.7506039 , -0.16889778,\n",
       "       -2.6936793 , -1.5170677 ,  0.39499557, -2.5177734 ,  1.3501356 ,\n",
       "        1.1181332 , -0.04855336,  1.3754667 , -1.1442499 ,  0.46599662,\n",
       "       -1.3172789 ,  0.4199989 , -1.4456333 , -0.8324978 ,  1.2584721 ,\n",
       "        0.43850332,  0.15860121,  0.17892115, -0.52552223,  1.4411355 ,\n",
       "       -1.2371455 , -0.6165978 , -0.3197598 , -0.00850444,  0.58723897,\n",
       "       -0.17810477,  0.6333633 ,  2.535079  ,  1.1871268 , -1.2042632 ,\n",
       "        2.443819  , -0.2922089 ,  0.41584107, -3.7755864 ,  0.6584022 ],\n",
       "      dtype=float32)"
      ]
     },
     "execution_count": 11,
     "metadata": {},
     "output_type": "execute_result"
    }
   ],
   "source": [
    "doc = nlp(u\"The quick brown fox jumped over the lazy dogs\")\n",
    "doc.vector"
   ]
  },
  {
   "cell_type": "code",
   "execution_count": 14,
   "id": "62022473",
   "metadata": {},
   "outputs": [
    {
     "name": "stdout",
     "output_type": "stream",
     "text": [
      "The The 1.0\n",
      "The quick -0.02871730737388134\n",
      "The brown 0.07553494721651077\n",
      "The fox 0.008565383031964302\n",
      "The jumped -0.1362859457731247\n",
      "The over 0.10971986502408981\n",
      "The the 0.6375858187675476\n",
      "The lazy -0.11279550194740295\n",
      "The dogs -0.10369552671909332\n",
      "quick The -0.02871730737388134\n",
      "quick quick 1.0\n",
      "quick brown 0.144576758146286\n",
      "quick fox 0.0037167766131460667\n",
      "quick jumped 0.07190702110528946\n",
      "quick over 0.15292872488498688\n",
      "quick the 0.1342538297176361\n",
      "quick lazy 0.23293857276439667\n",
      "quick dogs 0.16907210648059845\n",
      "brown The 0.07553494721651077\n",
      "brown quick 0.144576758146286\n",
      "brown brown 1.0\n",
      "brown fox 0.28386783599853516\n",
      "brown jumped 0.05462677776813507\n",
      "brown over 0.18626444041728973\n",
      "brown the 0.13751448690891266\n",
      "brown lazy 0.1217946857213974\n",
      "brown dogs 0.18766479194164276\n",
      "fox The 0.008565383031964302\n",
      "fox quick 0.0037167766131460667\n",
      "fox brown 0.28386783599853516\n",
      "fox fox 1.0\n",
      "fox jumped 0.10933616012334824\n",
      "fox over -0.021144745871424675\n",
      "fox the -0.035359255969524384\n",
      "fox lazy 0.19950558245182037\n",
      "fox dogs 0.42500194907188416\n",
      "jumped The -0.1362859457731247\n",
      "jumped quick 0.07190702110528946\n",
      "jumped brown 0.05462677776813507\n",
      "jumped fox 0.10933616012334824\n",
      "jumped jumped 1.0\n",
      "jumped over 0.18756885826587677\n",
      "jumped the 0.030089013278484344\n",
      "jumped lazy 0.033161234110593796\n",
      "jumped dogs 0.0992642194032669\n",
      "over The 0.10971986502408981\n",
      "over quick 0.15292872488498688\n",
      "over brown 0.18626444041728973\n",
      "over fox -0.021144745871424675\n",
      "over jumped 0.18756885826587677\n",
      "over over 1.0\n",
      "over the 0.36307695508003235\n",
      "over lazy -0.07338139414787292\n",
      "over dogs 0.10537496209144592\n",
      "the The 0.6375858187675476\n",
      "the quick 0.1342538297176361\n",
      "the brown 0.13751448690891266\n",
      "the fox -0.035359255969524384\n",
      "the jumped 0.030089013278484344\n",
      "the over 0.36307695508003235\n",
      "the the 1.0\n",
      "the lazy -0.11576934903860092\n",
      "the dogs 0.01713656820356846\n",
      "lazy The -0.11279550194740295\n",
      "lazy quick 0.23293857276439667\n",
      "lazy brown 0.1217946857213974\n",
      "lazy fox 0.19950558245182037\n",
      "lazy jumped 0.033161234110593796\n",
      "lazy over -0.07338139414787292\n",
      "lazy the -0.11576934903860092\n",
      "lazy lazy 1.0\n",
      "lazy dogs 0.16386568546295166\n",
      "dogs The -0.10369552671909332\n",
      "dogs quick 0.16907210648059845\n",
      "dogs brown 0.18766479194164276\n",
      "dogs fox 0.42500194907188416\n",
      "dogs jumped 0.0992642194032669\n",
      "dogs over 0.10537496209144592\n",
      "dogs the 0.01713656820356846\n",
      "dogs lazy 0.16386568546295166\n",
      "dogs dogs 1.0\n"
     ]
    }
   ],
   "source": [
    "tokens = doc\n",
    "for t1 in tokens:\n",
    "    for t2 in tokens:\n",
    "        print(t1.text,t2.text,t1.similarity(t2))"
   ]
  },
  {
   "cell_type": "code",
   "execution_count": null,
   "id": "c9d0218e",
   "metadata": {},
   "outputs": [],
   "source": []
  }
 ],
 "metadata": {
  "kernelspec": {
   "display_name": "Python 3 (ipykernel)",
   "language": "python",
   "name": "python3"
  },
  "language_info": {
   "codemirror_mode": {
    "name": "ipython",
    "version": 3
   },
   "file_extension": ".py",
   "mimetype": "text/x-python",
   "name": "python",
   "nbconvert_exporter": "python",
   "pygments_lexer": "ipython3",
   "version": "3.9.13"
  }
 },
 "nbformat": 4,
 "nbformat_minor": 5
}
